Iteration   FunEvals     Step Length    Function Val        Opt Cond
         1          4     3.15913e-03     3.90230e+03     2.87505e+01
         2          8     2.77377e-01     3.41137e+03     5.90590e+01
         3          9     1.00000e+00     3.17168e+03     3.70145e+01
         4         12     4.33149e-01     2.82986e+03     8.98805e+01
         5         13     1.00000e+00     2.52558e+03     6.31840e+01
         6         14     1.00000e+00     2.27079e+03     4.06172e+01
         7         16     6.20623e-01     2.03221e+03     3.89615e+01
         8         17     1.00000e+00     1.92900e+03     4.53433e+01
         9         18     1.00000e+00     1.80834e+03     2.17270e+01
        10         19     1.00000e+00     1.72020e+03     2.75247e+01
        11         20     1.00000e+00     1.66585e+03     1.32635e+01
        12         21     1.00000e+00     1.62779e+03     1.30775e+01
        13         22     1.00000e+00     1.56124e+03     3.40932e+01
        14         23     1.00000e+00     1.48769e+03     3.82270e+01
        15         24     1.00000e+00     1.39065e+03     2.84914e+01
        16         25     1.00000e+00     1.33769e+03     2.37581e+01
        17         27     4.67626e-01     1.32161e+03     1.31561e+01
        18         28     1.00000e+00     1.28823e+03     1.50018e+01
        19         29     1.00000e+00     1.24806e+03     1.62263e+01
        20         30     1.00000e+00     1.22975e+03     1.91357e+01
        21         31     1.00000e+00     1.20536e+03     1.50017e+01
        22         32     1.00000e+00     1.20338e+03     6.02111e+00
        23         33     1.00000e+00     1.19950e+03     7.83330e+00
        24         34     1.00000e+00     1.18896e+03     1.06102e+01
        25         35     1.00000e+00     1.17668e+03     1.89324e+01
        26         36     1.00000e+00     1.14813e+03     1.91084e+01
        27         37     1.00000e+00     1.12769e+03     4.72956e+00
        28         38     1.00000e+00     1.12311e+03     7.44280e+00
        29         39     1.00000e+00     1.10920e+03     1.66219e+01
        30         40     1.00000e+00     1.10237e+03     6.37538e+00
        31         41     1.00000e+00     1.09882e+03     5.16906e+00
        32         42     1.00000e+00     1.09498e+03     6.75999e+00
        33         43     1.00000e+00     1.08635e+03     7.16026e+00
        34         45     3.81108e-01     1.08478e+03     8.15267e+00
        35         46     1.00000e+00     1.07380e+03     5.22764e+00
        36         49     1.46171e-01     1.07339e+03     6.04082e+00
        37         50     1.00000e+00     1.07060e+03     8.15677e+00
        38         51     1.00000e+00     1.06573e+03     4.74986e+00
        39         52     1.00000e+00     1.06108e+03     8.02286e+00
        40         53     1.00000e+00     1.05414e+03     8.62442e+00
        41         69     6.92120e-02     1.05411e+03     7.99077e+00
        42         72     1.54984e-01     1.05390e+03     5.64380e+00
        43         75     1.04496e-01     1.05358e+03     5.52928e+00
        44         77     3.66244e-01     1.05221e+03     4.40492e+00
        45         78     1.00000e+00     1.05019e+03     8.77455e+00
        46         79     1.00000e+00     1.04476e+03     5.78831e+00
        47         80     1.00000e+00     1.04360e+03     9.11101e+00
        48         81     1.00000e+00     1.03491e+03     4.47858e+00
        49         82     1.00000e+00     1.03264e+03     2.31842e+00
        50         84     2.86103e-01     1.03223e+03     2.85258e+00
        51         86     3.52863e-01     1.03069e+03     3.67991e+00
        52         87     1.00000e+00     1.03042e+03     7.61050e+00
        53         88     1.00000e+00     1.02462e+03     3.79045e+00
        54         89     1.00000e+00     1.02384e+03     2.88559e+00
        55         90     1.00000e+00     1.02277e+03     3.26059e+00
        56         91     1.00000e+00     1.02198e+03     3.66535e+00
        57         92     1.00000e+00     1.01888e+03     6.98288e+00
        58        104     0.00000e+00     1.01888e+03     6.98288e+00
Step Size below progTol